0000883597
0002033536
0001595082
0001561728
0002057421
0002059321
0002106035
0001390113
0001758440
0001637689
0001555254
0002031123
0002047860
0001803274
0002046227
0001601407
0002051965
0000913760
0002065728
0000852933
0000909661
0001768744
0001132716
0002039437
0001094517
0001438284
0002024532
0002067339
0001741369
0002054098
0002040084
0000913144
0001818391
0001826394
0002018922
0002047443
0002080218
0002104293
0002053305
0002079571
0001587301
0001726609
0002001900
0002062680
0002077908
0001905218
0002039415
0002044929
0002056292
0002082922
0002109952
0000946431
0001068837
0002054264
0002084239
0001279913
0001729939
0001911520
0002040393
0002042955
0002077904
0000810265
0001899896
0002031885
0002034001
0002041262
0002044324
0002051705
0002052658
0002056306
0002084339
0002088236
0002097025
0002110313
0001055964
0001573947
0001831577
0002043130
0000937567
0001011443
0001542324
0001688774
0000728100
0001533497
0001591122
0001691919
0001840084
0002028828
0002033232
0002042654
0002080520
0001080818
0001222765
0001357550
0001360533
0001532943
0001569036
0001599511
0001612457
0001845635
0002010436
0002040224
0002044723
0002051491
0002062026
0002064813
0002065807
0002071170
0002098745
0000895421
0001001085
0001079397
0001086318
0001542108
0001561082
0001608485
0001618205
0001632097
0001707921
0001708828
0001744349
0001772715
0001887502
0002040021
0002052048
0000004962
0000019617
0000764068
0000869304
0000931588
0001356513
0001566307
0001697478
0001812792
0001842667
0001911391
0002032489
0002035883
0002045484
0002045735
0000948046
0001000275
0001142031
0001317679
0001404780
0001465109
0001546790
0001556593
0001630798
0001641864
0001649186
0001678953
0001729299
0001786915
0001793691
0001800916
0001862428
0001910503
0001944877
0001969566
0001983408
0002011932
0002034566
0002044495
0002050972
0002054921
0002064920
0002068847
0002081584
0002101641
0000070858
0000764611
0000842180
0000919219
0000926171
0000938582
0001081019
0001103887
0001223779
0001279936
0001316187
0001353395
0001360798
0001374170
0001463559
0001531809
0001542153
0001565332
0001578299
0001587281
0001597694
0001599900
0001601622
0001665198
0001687444
0001703081
0001730765
0001799880
0001818014
0001844577
0001866872
0001894571
0001908612
0001941260
0001964760
0001974312
0001987314
0002009275
0002011025
0002017172
0002032200
0002035872
0002036346
0002036517
0002042068
0002042617
0002043756
0002044533
0002044851
0002044874
0002045972
0002048051
0002048581
0002049857
0002051288
0002052759
0002052798
0002053050
0002054965
0002056037
0002056402
0002056922
0002057370
0002064043
0002064225
0002065136
0002068236
0002071468
0002078069
0002078994
0002085256
0002096567
0002097528
0000009015
0000009631
0000036270
0000312069
0000314984
0000783412
0000822648
0000826000
0000884546
0000886982
0000919859
0000923093
0000939334
0000947263
0001007524
0001009012
0001009207
0001021944
0001024896
0001078635
0001081698
0001115418
0001121914
0001127508
0001163653
0001164688
0001165002
0001303159
0001315059
0001326389
0001356783
0001367441
0001389256
0001393825
0001395064
0001424799
0001469589
0001470876
0001491072
0001504918
0001510099
0001513300
0001535293
0001538853
0001539041
0001542164
0001544599
0001546587
0001553562
0001581655
0001592413
0001595533
0001604488
0001610880
0001632341
0001642575
0001654175
0001655006
0001665337
0001665976
0001677044
0001679543
0001681614
0001705929
0001729985
0001730787
0001737088
0001749768
0001761013
0001765690
0001766788
0001772937
0001776757
0001778185
0001780507
0001791786
0001795705
0001796651
0001802365
0001803397
0001803662
0001817646
0001828776
0001832158
0001837496
0001839430
0001844709
0001849444
0001856637
0001869685
0001872130
0001893459
0001896150
0001905663
0001907544
0001912294
0001914395
0001915395
0001929070
0001935000
0001944142
0001953324
0001956824
0001962449
0001963565
0001965756
0001970701
0001978608
0002009486
0002010015
0002010393
0002010635
0002010947
0002011609
0002011908
0002018299
0002023131
0002024115
0002024585
0002025925
0002026217
0002032709
0002033794
0002053628
0002054410
0002081110
0002082673
0000036644
0000038777
0000052234
0000096223
0000313028
0000314169
0000315014
0000320335
0000350894
0000709428
0000712537
0000719245
0000720005
0000749044
0000764106
0000806097
0000811407
0000815917
0000830588
0000850401
0000858877
0000860662
0000869353
0000873759
0000884423
0000885118
0000898382
0000898427
0000900974
0000901541
0000902219
0000919079
0000922127
0000932540
0000933429
0000935570
0000946629
0000949615
0001016287
0001017284
0001021223
0001022837
0001030618
0001034524
0001036325
0001048703
0001054554
0001054646
0001056516
0001058470
0001058854
0001059057
0001059543
0001061186
0001065521
0001067926
0001067983
0001080369
0001080576
0001082327
0001082339
0001098151
0001102256
0001105838
0001109147
0001114928
0001123274
0001126328
0001131181
0001132897
0001134621
0001141802
0001166152
0001209324
0001218199
0001219314
0001224962
0001262677
0001274419
0001274981
0001276470
0001276755
0001278951
0001278960
0001279342
0001281084
0001281761
0001291318
0001308377
0001313978
0001315269
0001318601
0001329883
0001336528
0001336800
0001337263
0001346543
0001348145
0001349353
0001351991
0001353098
0001353651
0001361974
0001368163
0001369913
0001379995
0001381055
0001384982
0001386060
0001386929
0001387303
0001387458
0001387508
0001389400
0001390202
0001398739
0001409661
0001409765
0001415912
0001418329
0001418333
0001418814
0001427372
0001427373
0001441888
0001442056
0001444597
0001447228
0001447578
0001448574
