0002012383
0000102909
0000315066
0000093751
0000080255
0001897612
0000902219
0000354204
0001601086
0000895421
0001184765
0001100663
0001510281
0001422848
0001274173
0001422849
0001667919
0001905106
0000070858
0000906304
0001604488
0001167557
0001048703
0001562230
0000048966
0000019617
0000914208
0001326389
0001346824
0001056491
0000009631
0000886982
0001910592
0001603466
0000918923
0001695320
0000052388
0001393825
0001535978
0001335730
0001758720
0001856083
0001021223
0001224962
0001890906
0001279891
0000820027
0001871665
0001436866
0001082327
0001076809
0000814133
0000912938
0001493215
0000807249
0001767803
0001273087
0001423053
0001304857
0001374170
0000919185
0001284812
0001644956
0001687509
0001783398
0001105806
0000318989
0001352546
0000769317
0001352851
0000200217
0000930667
0001535264
0001447578
0001512805
0001583977
0001743404
0001853825
0001738048
0001232621
0001483859
0001418333
0001649553
0001831942
0001034546
0001761055
0001137774
0000713676
0001055951
0001319244
0001646799
0001465109
0000940594
0001163653
0001578621
0001679543
0001858703
0000814375
0001263508
0001702202
0001587114
0001088197
0001015079
0001454789
0001592643
0001633313
0001637715
0001855655
0000936828
0001000264
0001425738
0002018299
0000053417
0001793659
0001622627
0001440771
0000869178
0001058854
0001164833
0001386060
0001491072
0001282327
0000895419
0001650648
0001759138
0001481867
0001527613
0001687277
0001432354
0001453072
0001595097
0001689548
0001818794
0001901865
0000313028
0001538449
0001220754
0001889956
0001719307
0001031316
0001869467
0001823144
0001751876
0001668243
0000885062
0001080171
0001281446
0001449433
0001783032
0001423686
0000763212
0001466153
0000826732
0001362558
0001690820
0001750593
0001560385
0001863127
0001569064
0000894315
0001791827
0001009268
0001527166
0001484565
0001792549
0000813917
0001026710
0001103804
0001526119
0001817713
0001841619
0001866368
0002010930
0001167212
0001336917
0001827401
0001836981
0001886800
0000020520
0000038777
0001642896
0000818479
0001687221
0001415726
0002041347
0001792126
0001512162
0001780312
0001175707
0001267813
0001293971
0001314102
0001424929
0001442891
0001501756
0001528115
0001595888
0001602065
0001636282
0001697532
0001819790
0001831363
0001832168
0000927971
0001376113
0001982518
0001463928
0001835856
0001968076
0001404644
0001011060
0001283718
0001318484
0001392272
0001619856
0001680581
0001796022
0001171759
0001160308
0001549230
0001808865
0000023197
0001499505
0001785173
0001970622
0000012208
0000931584
0001126328
0001218275
0001321655
0001326732
0001348911
0001472012
0001505512
0001597553
0001599901
0001662579
0001672619
0001679788
0001698148
0001709442
0001710072
0001743907
0001750149
0001812275
0001831481
0001835512
0001835830
0001842937
0001974640
0001974915
0002016221
0000919859
0001064728
0001463559
0001751008
0001325447
0001496963
0001599584
0001469336
0001481241
0001376139
0000883265
0001787400
0001841968
0001319947
0001805385
0001902733
0001959730
0001708341
0001858681
0001609151
0001838395
0001140215
0001380585
0001468666
0001552947
0001600344
0001680367
0001802255
0001804196
0001825088
0001889106
0001906324
0001061768
0001819994
0001868279
0002025341
0001261654
0001690585
0002024046
0001616262
0001783180
0001800637
0001621563
0001786205
0000907654
0001772695
0001966287
0001541901
