0000102909
0002012383
0000093751
0000315066
0000019617
0000895421
0001214717
0000070858
0001446194
0001374170
0000886982
0000073124
0001422849
0001423053
0001595888
0001610520
0000914208
0000884546
0001562230
0001000275
0000902219
0001390777
0001422848
0000072971
0000354204
0000312069
0000861177
0000764068
0000820027
0000038777
0001871926
0001407543
0001403438
0000912938
0001109448
0001330387
0000720005
0000948046
0000850529
0001452861
0001067983
0000927971
0001859606
0001273087
0000831001
0001274173
0001126328
0000748054
0001166588
0000200217
0000873630
0001009207
0001475365
0001582202
0000053417
0001040188
0000919079
0001164508
0001167557
0001141802
0000713676
0000815917
0001283718
0001466546
0000927337
0001465109
0001088875
0001125816
0001348883
0001540235
0000763212
0001608046
0001086619
0000318989
0000944388
0001115418
0001056053
0000928047
0000315032
0001218210
0001694217
0000720672
0001993888
0000926171
0001068837
0001642575
0000946431
0001318757
0001081019
0001386060
0001729829
0000350894
0001535323
0001692234
0001462245
0001632341
0001666741
0001001085
0001418333
0000036104
